# Created by Octave 9.1.0, Mon Oct 28 14:17:54 2024 GMT <unknown@DESKTOP-640KGH9>
# name: d_padrao
# type: matrix
# rows: 1
# columns: 9
 1.5386763662683771 6.4162661130812131 29.469728932425898 7.8525509949717192 2.4678891095535498 0.46752519886844296 7.8502690773389308 7.3894057122080605 8.1621720111861524


