# Created by Octave 8.3.0, Sat Oct 26 21:30:03 2024 GMT <unknown@DESKTOP-1QHILQG>
# name: m10
# type: matrix
# rows: 1
# columns: 9
 10.625626451634449 54.842372184209189 84.2782598517596 19.811506408320078 367.66333427951656 2.2568317676527925 14.842821918233078 24.315338582520514 22.259073935583611


