# Created by Octave 9.1.0, Mon Oct 28 11:53:11 2024 GMT <unknown@DESKTOP-640KGH9>
# name: m1
# type: matrix
# rows: 1
# columns: 9
 11.064787717553223 66.820677413173669 62.550933397628832 25.240665703725949 366.51803172836441 2.7042787395279047 17.632461641497187 28.474114166880835 23.446093546767937


