# Created by Octave 8.3.0, Sat Aug 24 19:43:20 2024 GMT <unknown@DESKTOP-1QHILQG>
# name: m1
# type: matrix
# rows: 1
# columns: 9
 9.3074464334950449 100 200 50 200 5.1265090468648751 20.256960713637493 50 20.68009708791633


