# Created by Octave 8.3.0, Sun Aug 25 18:15:10 2024 GMT <unknown@DESKTOP-1QHILQG>
# name: m10
# type: matrix
# rows: 1
# columns: 9
 9.3295276896997414 100 200 50 200 5.1420397217568716 20.180553789422365 50 20.684227848799601


