# Created by Octave 9.1.0, Mon Oct 28 09:26:33 2024 GMT <unknown@DESKTOP-640KGH9>
# name: m2
# type: matrix
# rows: 1
# columns: 9
 9.9519084220249141 56.048297126252486 100.3772629674244 25.745405252473883 371.60735136149958 2.016963349419048 28.872972449497357 17.984072124658685 26.360510320678905


