# Created by Octave 8.3.0, Sun Aug 25 09:44:44 2024 GMT <unknown@DESKTOP-1QHILQG>
# name: m2
# type: matrix
# rows: 1
# columns: 9
 9.3721575451789434 100 200 50 200 5.1819964991259422 19.761360255761993 50 20.744706349425744


