# Created by Octave 8.3.0, Sun Aug 25 10:30:22 2024 GMT <unknown@DESKTOP-1QHILQG>
# name: m3
# type: matrix
# rows: 1
# columns: 9
 9.3363507140554987 100 200 50 200 5.1479011749390109 20.139483964169091 50 20.685598516559097


