# Created by Octave 8.3.0, Sun Oct 27 21:11:41 2024 GMT <unknown@DESKTOP-1QHILQG>
# name: m3
# type: matrix
# rows: 1
# columns: 9
 11.097064212384801 46.114685873189735 100.50280183168351 25.845953289580109 366.66063496100998 2.1929038596997126 10.951611689884503 19.387009302741976 32.621654787971814


