# Created by Octave 8.3.0, Sun Oct 27 20:32:31 2024 GMT <unknown@DESKTOP-1QHILQG>
# name: m4
# type: matrix
# rows: 1
# columns: 9
 10.236345616403636 52.751253550440573 73.138982017662471 30.494016367679031 369.85036007487128 2.055173963393313 13.507182942459441 32.051228172577616 31.00270022097537


