# Created by Octave 8.3.0, Sun Oct 27 17:44:45 2024 GMT <unknown@DESKTOP-1QHILQG>
# name: m5
# type: matrix
# rows: 1
# columns: 9
 5.9644185692458969 60.144173329362388 60.625976177031077 35.994671449912531 370.89515907037185 1.2260508262991447 28.311978979788595 31.791290618007832 25.936828369633421


