# Created by Octave 8.3.0, Sun Aug 25 12:19:24 2024 GMT <unknown@DESKTOP-1QHILQG>
# name: m5
# type: matrix
# rows: 1
# columns: 9
 10.65061864007156 100 200 50 200 5.9965259254063028 19.160077918413013 50 19.847657788884799


