# Created by Octave 8.3.0, Sun Oct 27 16:53:24 2024 GMT <unknown@DESKTOP-1QHILQG>
# name: m6
# type: matrix
# rows: 1
# columns: 9
 9.7524477325245513 54.764948181674434 159.97197351971275 38.312144466505323 371.57224118789952 1.9373038652133896 26.827329151812719 8.0372939981752225 45.400672402437046


