# Created by Octave 8.3.0, Sun Oct 27 16:06:52 2024 GMT <unknown@DESKTOP-1QHILQG>
# name: m7
# type: matrix
# rows: 1
# columns: 9
 10.026976437702244 49.917550165132198 100.91724461039678 26.602515156057873 368.72730558905647 1.9375932059807537 15.794054023543566 19.435235108472167 31.933258861687357


