# Created by Octave 8.3.0, Sun Aug 25 15:49:46 2024 GMT <unknown@DESKTOP-1QHILQG>
# name: m8
# type: matrix
# rows: 1
# columns: 9
 9.2775912108414502 100 200 50 200 5.1066419141219459 20.322907841498537 50 20.683655398382218


