# Created by Octave 8.3.0, Sun Oct 27 15:13:04 2024 GMT <unknown@DESKTOP-1QHILQG>
# name: m8
# type: matrix
# rows: 1
# columns: 9
 10.163905013716425 53.108403037314787 94.01205671566143 23.512548469957345 369.1908902768688 2.0230316156465897 19.288561484103386 21.423607452397189 26.226249960419683


