# Created by Octave 8.3.0, Sun Oct 27 13:50:05 2024 GMT <unknown@DESKTOP-1QHILQG>
# name: m9
# type: matrix
# rows: 1
# columns: 9
 11.469171708163527 44.959293663740915 121.03374320931941 10.565526097065174 364.03726653448911 2.9644492560101545 5.1237201688357077 17.263104927335927 14.318002714551531


