# Created by Octave 9.1.0, Mon Oct 28 14:17:54 2024 GMT <unknown@DESKTOP-640KGH9>
# name: m_est
# type: matrix
# rows: 1
# columns: 9
 10.035265188135366 53.947165452449042 95.740923429828015 26.212495266127728 368.67225750639471 2.1314580448842806 18.115269444965556 22.016229445376794 27.950504512070673


