# Created by Octave 9.1.0, Mon Oct 28 14:17:54 2024 GMT <unknown@DESKTOP-640KGH9>
# name: M
# type: matrix
# rows: 10
# columns: 9
 11.064787717553223 66.820677413173669 62.550933397628832 25.240665703725949 366.51803172836441 2.7042787395279047 17.632461641497187 28.474114166880835 23.446093546767937
 9.9519084220249141 56.048297126252486 100.3772629674244 25.745405252473883 371.60735136149958 2.016963349419048 28.872972449497357 17.984072124658685 26.360510320678905
 11.097064212384801 46.114685873189735 100.50280183168351 25.845953289580109 366.66063496100998 2.1929038596997126 10.951611689884503 19.387009302741976 32.621654787971814
 10.236345616403636 52.751253550440573 73.138982017662471 30.494016367679031 369.85036007487128 2.055173963393313 13.507182942459441 32.051228172577616 31.00270022097537
 5.9644185692458969 60.144173329362388 60.625976177031077 35.994671449912531 370.89515907037185 1.2260508262991447 28.311978979788595 31.791290618007832 25.936828369633421
 9.7524477325245513 54.764948181674434 159.97197351971275 38.312144466505323 371.57224118789952 1.9373038652133896 26.827329151812719 8.0372939981752225 45.400672402437046
 10.026976437702244 49.917550165132198 100.91724461039678 26.602515156057873 368.72730558905647 1.9375932059807537 15.794054023543566 19.435235108472167 31.933258861687357
 10.163905013716425 53.108403037314787 94.01205671566143 23.512548469957345 369.1908902768688 2.0230316156465897 19.288561484103386 21.423607452397189 26.226249960419683
 11.469171708163527 44.959293663740915 121.03374320931941 10.565526097065174 364.03726653448911 2.9644492560101545 5.1237201688357077 17.263104927335927 14.318002714551531
 10.625626451634449 54.842372184209189 84.2782598517596 19.811506408320078 367.66333427951656 2.2568317676527925 14.842821918233078 24.315338582520514 22.259073935583611


