# Created by Octave 8.3.0, Sat Oct 26 08:43:12 2024 GMT <unknown@DESKTOP-1QHILQG>
# name: r_ruido2
# type: matrix
# rows: 1
# columns: 16
 10.384281301408352 11.152201261007939 18.307418063557758 28.996954762631891 44.660756689875221 56.042817615658876 61.975666743183773 90.090532049206146 114.10379555266979 146.3020887993722 159.2321358902976 188.83852060899312 196.98867627583772 214.33994480969295 218.79185936684399 244.78207215038211


