# Created by Octave 8.3.0, Fri Feb 09 18:42:04 2024 GMT <unknown@DESKTOP-1QHILQG>
# name: m1
# type: matrix
# rows: 1
# columns: 5
 340.09666473318856 73.65168303170482 983.02485579614859 22.120386464964696 14.484554009354895


