# Created by Octave 8.3.0, Fri Feb 09 18:49:55 2024 GMT <unknown@DESKTOP-1QHILQG>
# name: r_ruido1
# type: matrix
# rows: 1
# columns: 16
 345.36967638261837 333.82021462024943 347.12501461019389 342.30218183409005 282.5191710556465 225.33092453420846 293.7375128574796 455.0685443726972 599.92792458448912 660.03240200422124 770.33866661321076 792.83854512182563 805.92821009994304 857.11323833086703 856.72024943836618 855.97257491979758


