# Created by Octave 8.4.0, Fri Dec 01 14:30:10 2023 GMT <unknown@DESKTOP-640KGH9>
# name: r_ruido1
# type: matrix
# rows: 1
# columns: 16
 357.24476159084719 342.6331779397251 358.71110765605243 351.67904507196158 280.91279652139173 243.72159156576933 292.66193584207616 468.51814368824108 593.77007007596035 649.85930286506562 720.25470211701349 775.51173163582155 810.5805673373186 819.83903743037854 887.04864383503013 873.04341524224321


