# Created by Octave 8.3.0, Sat Aug 24 20:33:04 2024 GMT <unknown@DESKTOP-1QHILQG>
# name: d_padrao
# type: matrix
# rows: 1
# columns: 5
 0.43079181455112298 74.476859271063532 12.18750422440562 1.0049591011226247 63.805687738500438


