# Created by Octave 8.3.0, Fri Aug 23 20:37:23 2024 GMT <unknown@DESKTOP-1QHILQG>
# name: m2
# type: matrix
# rows: 1
# columns: 5
 9.6901201976942772 398.14444953565646 21.85899030140601 9.8984195433165745 230.73042959106448


