# Created by Octave 8.3.0, Fri Aug 23 21:57:48 2024 GMT <unknown@DESKTOP-1QHILQG>
# name: m5
# type: matrix
# rows: 1
# columns: 5
 10.744674635328257 489.54438266904259 27.375819862087102 11.528706887871332 179.75711795743365


