# Created by Octave 8.3.0, Sat Aug 24 17:25:14 2024 GMT <unknown@DESKTOP-1QHILQG>
# name: m6
# type: matrix
# rows: 1
# columns: 5
 10.032304400436603 326.03338080009195 10.90484945436101 9.5460039157365468 304.83665252060945


