# Created by Octave 8.3.0, Sat Aug 24 18:41:24 2024 GMT <unknown@DESKTOP-1QHILQG>
# name: m9
# type: matrix
# rows: 1
# columns: 5
 10.577988343808313 438.67774738376909 24.824644679422295 11.091462687908606 204.65657318089325


