# Created by Octave 8.3.0, Sun Aug 25 11:16:27 2024 GMT <unknown@DESKTOP-1QHILQG>
# name: m4
# type: matrix
# rows: 1
# columns: 9
 9.2584046502589885 100 200 50 200 5.0924285008526589 20.375830346737196 50 20.692296345632062


