# Created by Octave 8.3.0, Sun Aug 25 13:10:31 2024 GMT <unknown@DESKTOP-1QHILQG>
# name: m6
# type: matrix
# rows: 1
# columns: 9
 9.2948475469220551 77.814455794065537 155.62891158813107 38.907227897032769 200 5.4650554511311142 18.47333382378654 50 1


