# Created by Octave 8.3.0, Sun Aug 25 15:08:19 2024 GMT <unknown@DESKTOP-1QHILQG>
# name: m7
# type: matrix
# rows: 1
# columns: 9
 9.3164368110632161 100 200 2.7775375290759627 200 5.1756525691976725 20.793161799171134 50 1.0045545811532293


