# Created by Octave 8.3.0, Sun Aug 25 17:18:42 2024 GMT <unknown@DESKTOP-1QHILQG>
# name: m9
# type: matrix
# rows: 1
# columns: 9
 8.9454735808110133 100 200 50 200 4.8491057495323675 22.369385678360214 50 20.386848751445587


