# Created by Octave 8.3.0, Sat Aug 24 20:33:04 2024 GMT <unknown@DESKTOP-1QHILQG>
# name: m_est
# type: matrix
# rows: 1
# columns: 5
 10.186132743228423 392.84790664540856 18.834560398065069 10.231493058652458 249.77928800228534


