# Created by Octave 8.3.0, Sat Aug 24 20:33:04 2024 GMT <unknown@DESKTOP-1QHILQG>
# name: M
# type: matrix
# rows: 10
# columns: 5
 9.8220107384276787 291.84802866023222 1.0000022012232037 8.789352991840536 363.72409783274884
 9.6901201976942772 398.14444953565646 21.85899030140601 9.8984195433165745 230.73042959106448
 9.8637768667355115 335.21914258124212 5.6141461481470394 9.5851611081862593 304.36979504403581
 10.521593529082576 359.00690105818512 22.460352939307516 10.338680205937917 256.82218965136946
 10.744674635328257 489.54438266904259 27.375819862087102 11.528706887871332 179.75711795743365
 10.032304400436603 326.03338080009195 10.90484945436101 9.5460039157365468 304.83665252060945
 10.774734168448008 472.29844442577547 9.6070934042261396 11.750806344102914 207.23785082790437
 10.13471023899063 487.86724846605063 42.336995217870189 10.614312803144141 163.53486347167902
 10.577988343808313 438.67774738376909 24.824644679422295 11.091462687908606 204.65657318089325
 9.6994143133323618 329.83934087403992 22.362709772600173 9.1720240984797528 282.12330994511495


