# Created by Octave 8.3.0, Wed Nov 29 18:53:20 2023 GMT <unknown@DESKTOP-1QHILQG>
# name: r_ruido1
# type: matrix
# rows: 1
# columns: 16
 364.46848096202098 347.56322378865605 349.34300895936497 346.4147945616769 286.32844168212318 235.25237948197599 286.98790752623557 480.15914900438543 581.06706143678025 660.1877190490053 709.55549317225564 767.17151358483568 774.9009141408668 850.88153654107396 863.04516860801164 876.48997683528978


