# Created by Octave 8.3.0, Sat Aug 24 19:03:00 2024 GMT <unknown@DESKTOP-1QHILQG>
# name: m10
# type: matrix
# rows: 1
# columns: 5
 9.6994143133323618 329.83934087403992 22.362709772600173 9.1720240984797528 282.12330994511495


