# Created by Octave 8.3.0, Fri Aug 23 19:40:47 2024 GMT <unknown@DESKTOP-1QHILQG>
# name: m1
# type: matrix
# rows: 1
# columns: 5
 9.8220107384276787 291.84802866023222 1.0000022012232037 8.789352991840536 363.72409783274884


