# Created by Octave 8.3.0, Fri Aug 23 20:59:34 2024 GMT <unknown@DESKTOP-1QHILQG>
# name: m3
# type: matrix
# rows: 1
# columns: 5
 9.8637768667355115 335.21914258124212 5.6141461481470394 9.5851611081862593 304.36979504403581


