# Created by Octave 8.3.0, Fri Aug 23 21:35:19 2024 GMT <unknown@DESKTOP-1QHILQG>
# name: m4
# type: matrix
# rows: 1
# columns: 5
 10.521593529082576 359.00690105818512 22.460352939307516 10.338680205937917 256.82218965136946


