# Created by Octave 8.3.0, Sat Aug 24 17:46:37 2024 GMT <unknown@DESKTOP-1QHILQG>
# name: m7
# type: matrix
# rows: 1
# columns: 5
 10.774734168448008 472.29844442577547 9.6070934042261396 11.750806344102914 207.23785082790437


