# Created by Octave 8.3.0, Sat Aug 24 18:12:39 2024 GMT <unknown@DESKTOP-1QHILQG>
# name: m8
# type: matrix
# rows: 1
# columns: 5
 10.13471023899063 487.86724846605063 42.336995217870189 10.614312803144141 163.53486347167902


