# Created by Octave 8.3.0, Fri Aug 23 18:28:38 2024 GMT <unknown@DESKTOP-1QHILQG>
# name: r_ruido1
# type: matrix
# rows: 1
# columns: 16
 10.214667510783238 10.222195707772382 10.361307628733273 12.389351367196671 29.743827149925419 45.889780851138575 80.802712932158499 124.00157447855955 163.77515018649527 178.94168826105877 172.22466101118277 176.76180241505853 160.2767802842958 146.88999433212805 132.40763476216284 119.61296009865606


