# Created by Octave 9.1.0, Tue Jan 14 15:28:05 2025 GMT <unknown@DESKTOP-640KGH9>
# name: d_padrao
# type: matrix
# rows: 1
# columns: 5
 5.0771480112117757 1.5059631010544543 2.4977652864163118 1.3832498829849114 4.6320972342785591


