# Created by Octave 8.3.0, Sat Dec 21 13:13:47 2024 GMT <unknown@DESKTOP-1QHILQG>
# name: d_padrao
# type: matrix
# rows: 1
# columns: 5
 15.954839407599348 1.7717476683531488 561.13262590866816 2.632764819677893 103.73951561835489


