# Created by Octave 8.3.0, Sun Jan 12 19:18:34 2025 GMT <unknown@DESKTOP-1QHILQG>
# name: d_padrao
# type: matrix
# rows: 1
# columns: 5
 39.470912611302246 4.2426111107146207 424.40299614443518 6.1781152042858478 296.37868075732774


