# Created by Octave 8.3.0, Sun Jan 12 17:45:54 2025 GMT <unknown@DESKTOP-1QHILQG>
# name: r8
# type: matrix
# rows: 1
# columns: 5
 61.171001687731639 11.93100026386022 1301.8214001842605 2.4905409052613878 723.64952289563644


