# Created by Octave 8.3.0, Sat Dec 21 09:59:23 2024 GMT <unknown@DESKTOP-1QHILQG>
# name: r6
# type: matrix
# rows: 1
# columns: 5
 64.471990017507238 7.9084397063028256 552.41474723628846 4.1010230835352308 447.18104096741905


