# Created by Octave 8.3.0, Mon Jan 13 19:58:12 2025 GMT <unknown@DESKTOP-1QHILQG>
# name: r3
# type: matrix
# rows: 1
# columns: 5
 20.378802588988176 7.7371763311651822 17.139795885112541 1.4658210004230119 22.490692331331395


