# Created by Octave 8.3.0, Mon Jan 13 18:44:15 2025 GMT <unknown@DESKTOP-1QHILQG>
# name: r1
# type: matrix
# rows: 1
# columns: 5
 20.642106150151559 8.4041178977742952 15.372752727966207 1.6326296523602695 24.762768605321661


