# Created by Octave 8.3.0, Sat Dec 21 08:54:48 2024 GMT <unknown@DESKTOP-1QHILQG>
# name: r5
# type: matrix
# rows: 1
# columns: 5
 66.827592822820932 6.1606401737737029 1412.2733342462084 2.3125494894892 320.7625111066053


