# Created by Octave 8.3.0, Fri Jan 17 05:54:18 2025 GMT <unknown@DESKTOP-1QHILQG>
# name: r1
# type: matrix
# rows: 1
# columns: 7
 4.2998004673942338 4.7961144469492814 19.183802011194327 9.0767236191281615 1.0218149289586396 1.0203866092625671 86.230573926351596


