# Created by Octave 8.3.0, Sun Jan 12 17:17:05 2025 GMT <unknown@DESKTOP-1QHILQG>
# name: r7
# type: matrix
# rows: 1
# columns: 5
 80.823913214735427 11.906449615709041 1130.8123488233598 8.460094836523405 1408.2108902087207


