# Created by Octave 8.3.0, Sun Jan 12 12:55:43 2025 GMT <unknown@DESKTOP-1QHILQG>
# name: r2
# type: matrix
# rows: 1
# columns: 5
 105.36716168557014 6.41197980102418 1368.1396547168833 11.897611326963466 1499.9999994189648


