# Created by Octave 8.3.0, Sat Dec 21 10:30:49 2024 GMT <unknown@DESKTOP-1QHILQG>
# name: r8
# type: matrix
# rows: 1
# columns: 5
 100 3.7821099925233841 2000 10 500


