# Created by Octave 8.3.0, Sun Jan 12 18:40:12 2025 GMT <unknown@DESKTOP-1QHILQG>
# name: r9
# type: matrix
# rows: 1
# columns: 5
 71.974799360103859 19.691394270067669 1217.908296854288 1.1215488833440046 1398.1741917258928


