# Created by Octave 9.1.0, Tue Jan 14 10:13:18 2025 GMT <unknown@DESKTOP-640KGH9>
# name: r8
# type: matrix
# rows: 1
# columns: 5
 16.60032235424212 9.211063290189486 10.81459034685391 4.9858497644098598 14.173971617858893


