# Created by Octave 8.3.0, Mon Jan 13 19:24:23 2025 GMT <unknown@DESKTOP-1QHILQG>
# name: r2
# type: matrix
# rows: 1
# columns: 5
 24.230289439478401 6.2621230074629173 11.874867420617608 2.9596865322083241 17.285298253761813


