# Created by Octave 8.3.0, Sun Jan 12 15:32:14 2025 GMT <unknown@DESKTOP-1QHILQG>
# name: r5
# type: matrix
# rows: 1
# columns: 5
 191.40756880615766 17.145460875739751 1344.3918139589566 1.0223029073508625 1155.7118143875125


