# Created by Octave 8.3.0, Fri Dec 20 19:24:09 2024 GMT <unknown@DESKTOP-1QHILQG>
# name: r1
# type: matrix
# rows: 1
# columns: 5
 67.386253943207862 6.7128182222181998 859.91813407217137 6.848778998407429 475.17014476356752


