dadosReais = [3 33.729
5 12.388
7 8.790
10 8.299
14 7.998
20 7.396
28 6.699
40 6.592
55 6.887
80 7.194
100 7.096
150 8.590
200 9.099
300 8.790
400 9.594
500 11.194
1000 22.699
1500 31.769
2000 41.879
3000 57.677
4000 79.799
6000 122.744
8000 155.597
10000 149.279];


ab2 = dadosReais(:,1);
rhoa = dadosReais(:,2);



