# Created by Octave 8.3.0, Sun Jan 12 14:51:47 2025 GMT <unknown@DESKTOP-1QHILQG>
# name: r4
# type: matrix
# rows: 1
# columns: 5
 75.767744933311832 10.643116921626429 746.77408581925397 13.312683360641904 1478.2253089567275


