# Created by Octave 9.1.0, Tue Jan 14 15:24:15 2025 GMT <unknown@DESKTOP-640KGH9>
# name: r10
# type: matrix
# rows: 1
# columns: 5
 16.427571920105212 4.8549496824414691 14.539563013538757 4.8210956454357712 11.508449186749267


