# Created by Octave 8.3.0, Mon Jan 13 21:28:21 2025 GMT <unknown@DESKTOP-1QHILQG>
# name: r6
# type: matrix
# rows: 1
# columns: 5
 15.289018657676925 6.053981688427637 17.893939493080786 2.3929203822826484 14.512368155535137


