# Created by Octave 9.1.0, Tue Jan 14 09:16:57 2025 GMT <unknown@DESKTOP-640KGH9>
# name: r7
# type: matrix
# rows: 1
# columns: 5
 29.819643119285193 9.1617799161432316 11.829520388811934 1.512386171891815 23.759605118365645


