# Created by Octave 8.3.0, Sat Dec 21 12:29:53 2024 GMT <unknown@DESKTOP-1QHILQG>
# name: r10
# type: matrix
# rows: 1
# columns: 5
 99.703035326533993 3.427028434060194 1366.6272571189343 9.9567653067451687 436.77347003310865


