# Created by Octave 8.3.0, Sun Jan 12 16:07:23 2025 GMT <unknown@DESKTOP-1QHILQG>
# name: r6
# type: matrix
# rows: 1
# columns: 5
 103.68124229213375 9.9793845417923741 413.97861182229695 6.2492431124472843 1088.9571571062099


