dadosReais = [
    2, 4.75;
    3, 6.5;
    4, 8.85;
    5, 11;
    6, 13;
    8, 17.1;
    10, 19.6;
    15, 16.4;
    20, 12.8;
    30, 8.6;
    40, 6.2;
    50, 5.6;
    80, 7.7;
    100, 9.6;
    150, 13.3;
    200, 15;
    250, 16;
    300, 17.5;
    400, 18;
    500, 19.5;
];


ab2 = dadosReais(:,1);
rhoa = dadosReais(:,2);



