# Created by Octave 8.3.0, Sun Jan 12 19:14:01 2025 GMT <unknown@DESKTOP-1QHILQG>
# name: r10
# type: matrix
# rows: 1
# columns: 5
 70.042403802548947 13.063532005913297 384.44954598729953 8.9364452480613767 1282.3779690772872


