# Created by Octave 8.3.0, Sat Dec 21 07:31:59 2024 GMT <unknown@DESKTOP-1QHILQG>
# name: r3
# type: matrix
# rows: 1
# columns: 5
 83.481779759700146 2.3850497026421547 1936.6138236132942 6.098480984380326 172.79112161375809


