# Created by Octave 9.1.0, Tue Jan 14 14:12:35 2025 GMT <unknown@DESKTOP-640KGH9>
# name: r9
# type: matrix
# rows: 1
# columns: 5
 15.210851803268644 8.0206174446337517 16.523591786092251 2.2993557042887449 22.691202460093667


