# Created by Octave 8.3.0, Fri Dec 20 20:05:07 2024 GMT <unknown@DESKTOP-1QHILQG>
# name: r2
# type: matrix
# rows: 1
# columns: 5
 62.946027007647444 6.0070040388491819 1974.2535657920664 9.4176592834839852 472.80415029735701


