# Created by Octave 8.3.0, Sun Jan 12 13:45:49 2025 GMT <unknown@DESKTOP-1QHILQG>
# name: r3
# type: matrix
# rows: 1
# columns: 5
 128.96445161435915 10.437873410355367 1279.0231668430647 2.7320000403174673 786.25082407773118


