# Created by Octave 8.3.0, Mon Jan 13 20:22:19 2025 GMT <unknown@DESKTOP-1QHILQG>
# name: r4
# type: matrix
# rows: 1
# columns: 5
 23.422735933901905 8.5969416537344205 16.327838464067291 1.0015449831684458 20.771656461945792


