# Created by Octave 8.3.0, Sat Dec 21 11:44:58 2024 GMT <unknown@DESKTOP-1QHILQG>
# name: r9
# type: matrix
# rows: 1
# columns: 5
 64.714214783438464 5.9330112958156977 953.91392802237942 5.1173338553607381 365.31033628043207


