# Created by Octave 8.3.0, Sat Dec 21 08:21:04 2024 GMT <unknown@DESKTOP-1QHILQG>
# name: r4
# type: matrix
# rows: 1
# columns: 5
 99.907150320832343 4.2447418697394097 782.84512629755784 8.8466202779212271 486.88293460500637


