# Created by Octave 8.3.0, Sun Jan 12 11:53:57 2025 GMT <unknown@DESKTOP-1QHILQG>
# name: r1
# type: matrix
# rows: 1
# columns: 5
 71.876071330921846 5.9644510146264169 1645.1628365272518 19.970556251746942 835.11673581721436


