# Created by Octave 8.3.0, Mon Jan 13 20:54:13 2025 GMT <unknown@DESKTOP-1QHILQG>
# name: r5
# type: matrix
# rows: 1
# columns: 5
 26.585051158437281 6.1647766151785817 16.273997437754815 1.9101860489016824 21.667371515596233


