# Created by Octave 8.3.0, Sat Dec 21 11:11:15 2024 GMT <unknown@DESKTOP-1QHILQG>
# name: r7
# type: matrix
# rows: 1
# columns: 5
 75.744449434955115 6.8507942120907579 710.58652014524193 6.1237870563195722 492.58544838827908


