# Created by Octave 8.3.0, Fri Jan 17 06:35:16 2025 GMT <unknown@DESKTOP-1QHILQG>
# name: r2
# type: matrix
# rows: 1
# columns: 7
 5 5 20 10 2.2222521335010632 1 100


