# Created by Octave 8.3.0, Sun Jan 12 19:18:34 2025 GMT <unknown@DESKTOP-1QHILQG>
# name: m_est
# type: matrix
# rows: 1
# columns: 5
 96.107635872757413 11.717464272071474 1083.2461761536915 7.6193026872658098 1165.6674413671899


