# Created by Octave 8.3.0, Sat Dec 21 13:13:47 2024 GMT <unknown@DESKTOP-1QHILQG>
# name: m_est
# type: matrix
# rows: 1
# columns: 5
 78.518249341664344 5.34116376480155 1254.9446436544144 6.8822998335642875 417.02611580555333


