# Created by Octave 9.1.0, Tue Jan 14 15:28:05 2025 GMT <unknown@DESKTOP-640KGH9>
# name: m_est
# type: matrix
# rows: 1
# columns: 5
 20.860639312553538 7.4467527527150974 14.859045696389609 2.4981475885370577 19.362338370655952


