# Created by Octave 8.3.0, Sun Jan 12 19:18:34 2025 GMT <unknown@DESKTOP-1QHILQG>
# name: M
# type: matrix
# rows: 10
# columns: 5
 71.876071330921846 5.9644510146264169 1645.1628365272518 19.970556251746942 835.11673581721436
 105.36716168557014 6.41197980102418 1368.1396547168833 11.897611326963466 1499.9999994189648
 128.96445161435915 10.437873410355367 1279.0231668430647 2.7320000403174673 786.25082407773118
 75.767744933311832 10.643116921626429 746.77408581925397 13.312683360641904 1478.2253089567275
 191.40756880615766 17.145460875739751 1344.3918139589566 1.0223029073508625 1155.7118143875125
 103.68124229213375 9.9793845417923741 413.97861182229695 6.2492431124472843 1088.9571571062099
 80.823913214735427 11.906449615709041 1130.8123488233598 8.460094836523405 1408.2108902087207
 61.171001687731639 11.93100026386022 1301.8214001842605 2.4905409052613878 723.64952289563644
 71.974799360103859 19.691394270067669 1217.908296854288 1.1215488833440046 1398.1741917258928
 70.042403802548947 13.063532005913297 384.44954598729953 8.9364452480613767 1282.3779690772872


