# Created by Octave 9.1.0, Tue Jan 14 15:28:05 2025 GMT <unknown@DESKTOP-640KGH9>
# name: M
# type: matrix
# rows: 10
# columns: 5
 20.642106150151559 8.4041178977742952 15.372752727966207 1.6326296523602695 24.762768605321661
 24.230289439478401 6.2621230074629173 11.874867420617608 2.9596865322083241 17.285298253761813
 20.378802588988176 7.7371763311651822 17.139795885112541 1.4658210004230119 22.490692331331395
 23.422735933901905 8.5969416537344205 16.327838464067291 1.0015449831684458 20.771656461945792
 26.585051158437281 6.1647766151785817 16.273997437754815 1.9101860489016824 21.667371515596233
 15.289018657676925 6.053981688427637 17.893939493080786 2.3929203822826484 14.512368155535137
 29.819643119285193 9.1617799161432316 11.829520388811934 1.512386171891815 23.759605118365645
 16.60032235424212 9.211063290189486 10.81459034685391 4.9858497644098598 14.173971617858893
 15.210851803268644 8.0206174446337517 16.523591786092251 2.2993557042887449 22.691202460093667
 16.427571920105212 4.8549496824414691 14.539563013538757 4.8210956454357712 11.508449186749267


