# Created by Octave 8.3.0, Sat Dec 21 13:13:47 2024 GMT <unknown@DESKTOP-1QHILQG>
# name: M
# type: matrix
# rows: 10
# columns: 5
 67.386253943207862 6.7128182222181998 859.91813407217137 6.848778998407429 475.17014476356752
 62.946027007647444 6.0070040388491819 1974.2535657920664 9.4176592834839852 472.80415029735701
 83.481779759700146 2.3850497026421547 1936.6138236132942 6.098480984380326 172.79112161375809
 99.907150320832343 4.2447418697394097 782.84512629755784 8.8466202779212271 486.88293460500637
 66.827592822820932 6.1606401737737029 1412.2733342462084 2.3125494894892 320.7625111066053
 64.471990017507238 7.9084397063028256 552.41474723628846 4.1010230835352308 447.18104096741905
 75.744449434955115 6.8507942120907579 710.58652014524193 6.1237870563195722 492.58544838827908
 100 3.7821099925233841 2000 10 500
 64.714214783438464 5.9330112958156977 953.91392802237942 5.1173338553607381 365.31033628043207
 99.703035326533993 3.427028434060194 1366.6272571189343 9.9567653067451687 436.77347003310865


